2
2
4
2199023255504
15902591
562217791476394080
70368738672640
4194304
16384
17179869184
8
4398046511104
4398046511104
66977797
536592385
68716855296
1048576
16777216
8589934592
33541120
1114659022307548
118896276768001
286544226776281216
576460752303422208
1048576
274773052160
18014390187982904
36028797018832896
4398046511104
8
140737464238080
8
8794146904576
1125899882725376
1705
4194304
8388608
562949953421312
8795988164626
223317
72057594037927936
536870912
128
281474976710656
36028797018963967
4
512
70368744171520
8388608
36028797018950656
2199023255440
1073741824
70218480614192
4194304
512
122895984
2
18014398509481984
281473030554032
128
2251799813623808
1073741824
140737488355328
16777196
33554432
151367869744
4194304
35184153985042
1048576
67108864
512
131072
70368744171520
8192
17592186044160
16777216
9007199149883392
2
17592185982976
2
8388608
16
70368744176384
4294967296
98950096
288229070482141184
549755813888
65536
34359738368
2147483536
32768
4293722117
512
576460752302833664
8388608
524288
134217728
18014398509468672
549731696658
14816957550408632
