100
2 9
2 6
3 21
42 37
28 3
60 10
47 27
23 32
15 42
35 54
4 34
43 43
43 52
27 12
30 14
37 18
21 41
25 34
34 42
26 14
51 11
48 7
59 12
60 51
21 38
39 15
55 25
56 41
43 53
4 26
48 26
4 31
44 16
51 29
13 3
23 54
24 59
50 50
44 20
21 3
57 57
30 49
8 23
49 49
56 55
3 42
10 19
47 36
24 49
56 44
42 36
31 37
47 13
23 46
10 57
28 7
2 28
55 60
49 21
8 23
52 38
31 50
48 54
25 21
26 34
39 5
23 53
46 21
21 51
27 48
10 48
18 31
47 36
14 53
45 38
25 60
54 30
2 17
45 31
2 19
24 57
5 55
47 38
33 36
31 3
59 22
40 41
17 52
36 60
32 26
16 48
33 15
10 42
60 43
24 50
20 37
28 43
55 43
40 18
56 5
