5
37 21 555
36 20
31 4
16 14
28 0
28 6
13 11
1 13
11 5
10 13
20 8
15 20
6 17
36 7
35 4
0 9
5 2
24 16
22 18
16 19
17 2
26 16
23 1
28 14
28 17
18 3
10 14
17 8
30 11
23 5
25 6
10 19
8 9
24 19
25 5
17 17
17 20
25 18
11 10
29 1
32 15
12 14
32 1
13 4
28 9
28 15
19 18
12 0
19 5
20 0
10 1
29 10
4 11
25 16
2 19
28 20
36 3
2 20
14 14
24 8
28 1
10 15
5 0
11 4
35 7
20 13
0 0
19 16
33 4
31 7
31 12
3 8
0 16
26 1
8 12
14 6
27 2
25 20
28 4
21 20
28 2
29 12
15 11
19 0
32 20
26 15
24 11
17 6
29 9
17 13
10 5
1 14
14 9
30 10
1 20
30 13
7 19
2 1
23 12
16 20
8 2
33 8
22 14
24 18
29 20
14 19
12 12
1 4
19 17
33 12
17 11
31 10
2 15
12 15
1 7
9 13
8 6
23 9
36 2
17 3
15 10
6 4
15 5
23 13
0 11
22 20
21 8
20 18
35 13
27 15
7 5
8 20
34 10
15 7
30 4
1 5
31 2
19 4
8 18
0 8
24 15
3 10
13 8
21 1
3 1
4 6
25 15
14 20
9 8
24 9
2 2
27 12
24 3
10 20
20 3
3 4
27 20
2 14
25 8
24 12
3 5
8 10
12 5
24 14
24 10
35 12
26 6
16 18
23 10
14 16
19 3
16 6
1 6
7 8
25 0
31 6
34 18
8 7
31 1
16 9
30 1
29 16
24 20
22 1
18 20
25 17
28 8
34 5
8 4
8 1
30 7
27 0
27 19
34 11
7 1
2 8
3 15
12 2
20 14
32 9
22 10
31 0
10 18
9 14
6 20
18 16
15 1
21 10
15 3
16 5
18 9
8 8
18 2
4 17
4 4
29 14
24 0
22 7
25 7
32 18
29 6
12 17
32 13
35 9
8 16
34 0
11 16
28 16
5 13
15 16
1 2
14 11
14 12
34 9
11 3
12 19
23 20
17 4
35 18
31 5
14 17
12 8
18 17
33 5
1 11
22 2
23 11
22 3
9 4
28 19
18 13
5 12
3 18
5 10
20 1
4 8
20 19
13 3
27 8
4 9
27 18
4 19
0 15
17 15
30 19
4 7
12 9
31 16
24 7
18 7
26 5
5 3
18 8
30 8
2 0
34 2
35 3
14 2
34 4
35 1
26 12
28 7
16 16
10 12
33 20
10 7
36 17
20 5
35 6
1 15
34 17
17 14
27 3
4 12
11 19
25 2
29 3
21 17
20 17
14 0
33 0
20 20
15 12
16 11
17 0
13 19
26 20
16 8
30 15
21 14
15 19
33 16
2 16
4 20
31 15
20 2
11 0
18 11
0 10
13 13
9 15
16 15
9 1
23 7
32 7
23 16
1 9
30 14
11 2
20 9
32 11
29 4
33 18
35 8
10 17
34 13
21 5
25 4
17 16
1 8
36 8
18 12
15 15
27 5
3 14
22 9
19 13
18 4
27 4
13 16
12 18
15 4
5 20
14 18
24 17
34 3
23 3
21 18
14 15
2 12
0 6
31 19
31 20
36 10
3 6
6 10
24 2
6 0
4 10
18 19
20 11
21 15
9 5
7 9
12 3
23 8
3 13
0 19
0 13
21 6
13 10
13 5
20 12
4 13
30 2
1 17
22 5
16 10
5 9
33 6
5 15
4 16
6 9
25 1
19 14
12 11
14 7
20 16
11 12
22 16
6 15
30 6
32 17
10 9
6 6
23 0
26 10
31 3
11 1
12 13
26 0
6 13
29 18
12 6
25 9
12 4
30 18
18 10
36 5
9 18
25 13
9 16
7 2
6 12
25 12
25 10
15 17
21 19
9 7
22 4
32 0
14 13
19 15
28 12
15 18
3 20
7 0
8 11
8 14
17 7
7 15
36 4
35 11
0 1
29 2
6 16
29 13
35 2
27 14
17 5
0 20
7 10
0 17
36 0
13 6
5 6
8 5
26 8
21 7
15 14
11 7
12 20
6 7
22 11
0 18
3 3
11 15
33 17
13 12
29 19
19 1
3 11
36 11
30 12
1 18
17 9
30 9
17 12
9 9
20 10
35 19
5 7
26 11
0 12
15 6
6 3
32 10
29 0
19 11
21 12
1 1
35 20
9 19
4 0
17 18
9 17
21 2
6 11
19 8
6 2
6 5
26 14
9 11
32 8
4 15
23 15
1 0
14 5
33 10
30 5
30 17
3 2
8 17
36 9
35 16
7 18
28 13
24 1
0 3
9 3
28 5
10 8
2 18
20 6
31 17
36 1
10 0
7 12
5 14
21 11
13 7
33 7
33 3
3 19
10 10
14 3
4 5
19 2
19 10
31 18
2 6
34 6
5 1
26 13
16 2
7 11
35 14
36 19
13 9
8 3
34 15
25 11
22 6
27 10
23 19
30 16
34 10 69
24 8
0 7
23 0
22 0
25 0
1 1
18 8
8 0
22 9
9 0
31 4
20 0
9 3
15 6
30 4
1 8
21 3
4 9
13 5
10 6
16 4
11 5
27 6
31 1
27 1
4 2
4 3
21 1
19 0
19 9
21 6
7 3
5 3
3 2
17 5
19 6
28 0
18 7
9 8
3 1
29 0
19 3
33 0
14 6
31 0
13 2
8 6
1 6
2 2
24 3
33 9
2 5
4 4
8 2
32 3
20 6
17 8
5 4
10 3
13 8
25 9
30 7
13 3
28 5
30 9
14 3
19 1
28 7
32 6
34 4 82
30 2
23 2
29 2
17 3
0 0
33 2
24 2
2 0
22 3
7 0
26 1
14 1
21 1
19 1
18 3
5 1
12 3
13 2
20 3
16 0
32 1
24 3
27 3
21 0
31 1
13 1
2 3
4 1
23 3
31 3
31 0
2 2
6 1
8 1
10 0
16 1
0 1
3 2
8 3
9 3
29 1
20 0
26 0
8 2
27 0
9 1
31 2
22 1
15 1
10 3
1 1
18 2
25 3
9 2
26 2
3 0
7 1
23 1
19 2
7 2
26 3
14 2
20 2
12 0
0 3
28 2
6 0
0 2
27 2
28 1
17 0
7 3
2 1
10 2
3 1
17 2
11 1
17 1
4 2
14 3
8 0
3 3
6 21 22
1 7
3 16
5 9
1 5
0 20
3 14
0 1
3 11
3 5
4 6
2 18
2 3
2 2
5 11
4 14
0 5
1 11
1 9
0 0
0 6
1 13
3 19
22 8 49
10 3
12 4
13 3
11 1
5 5
3 7
17 3
15 4
11 3
14 7
18 2
12 5
18 1
16 2
11 0
5 3
7 0
16 1
6 5
18 7
18 3
20 0
13 0
19 3
13 1
4 4
17 1
13 4
16 0
3 6
11 7
2 6
0 0
1 2
14 4
19 5
10 1
1 0
8 3
18 5
17 0
9 5
4 0
18 0
7 2
2 1
2 0
8 7
19 7