5
200 147
3 37 120 90 
3 159 178 75 
3 192 166 154 
3 170 55 12 
3 109 156 19 
3 6 48 142 
3 136 108 157 
3 100 179 82 
3 63 180 18 
3 30 196 100 
3 168 35 115 
3 77 38 21 
3 184 175 102 
3 109 125 144 
3 178 63 52 
3 111 125 99 
3 10 166 151 
3 33 70 63 
3 7 9 171 
3 101 124 25 
3 18 78 13 
3 24 44 128 
3 186 35 190 
3 42 98 93 
3 54 37 38 
3 117 180 179 
3 126 194 13 
3 166 114 186 
3 20 124 76 
3 137 17 69 
3 66 119 173 
3 68 116 9 
3 120 150 89 
3 157 180 154 
3 182 172 42 
3 149 92 88 
3 71 142 85 
3 166 72 130 
3 47 190 51 
3 90 132 73 
1 1
1 2
1 3
1 4
1 5
1 8
1 11
1 14
1 15
1 16
1 22
1 23
1 26
1 27
1 28
1 29
1 31
1 32
1 34
1 36
1 39
1 40
1 41
1 43
1 45
1 46
1 49
1 50
1 53
1 56
1 57
1 58
1 59
1 60
1 61
1 62
1 64
1 65
1 67
1 74
1 79
1 80
1 81
1 83
1 84
1 86
1 87
1 91
1 94
1 95
1 96
1 97
1 103
1 104
1 105
1 106
1 107
1 110
1 112
1 113
1 118
1 121
1 122
1 123
1 127
1 129
1 131
1 133
1 134
1 135
1 138
1 139
1 140
1 141
1 143
1 145
1 146
1 147
1 148
1 152
1 153
1 155
1 158
1 160
1 161
1 162
1 163
1 164
1 165
1 167
1 169
1 174
1 176
1 177
1 181
1 183
1 185
1 187
1 188
1 189
1 191
1 193
1 195
1 197
1 198
1 199
1 200
200 145
3 152 171 121 
3 27 153 87 
3 6 177 198 
3 90 158 21 
3 3 112 144 
3 71 14 37 
3 164 142 76 
3 61 2 135 
3 139 149 15 
3 37 77 161 
3 162 114 91 
3 200 38 13 
3 160 189 181 
3 64 183 68 
3 93 9 147 
3 82 96 169 
3 80 95 182 
3 128 3 178 
3 80 23 140 
3 148 57 65 
3 161 187 21 
3 49 74 89 
3 190 156 93 
3 112 5 152 
3 155 33 190 
3 70 162 55 
3 84 4 100 
3 26 77 184 
3 85 112 69 
3 88 148 89 
3 96 147 66 
3 42 66 27 
3 65 174 77 
3 17 135 160 
3 126 48 54 
3 135 168 31 
3 50 75 198 
3 83 178 159 
3 115 125 194 
3 8 52 191 
1 1
1 7
1 10
1 11
1 12
1 16
1 18
1 19
1 20
1 22
1 24
1 25
1 28
1 29
1 30
1 32
1 34
1 35
1 36
1 39
1 40
1 41
1 43
1 44
1 45
1 46
1 47
1 51
1 53
1 56
1 58
1 59
1 60
1 62
1 63
1 67
1 72
1 73
1 78
1 79
1 81
1 86
1 92
1 94
1 97
1 98
1 99
1 101
1 102
1 103
1 104
1 105
1 106
1 107
1 108
1 109
1 110
1 111
1 113
1 116
1 117
1 118
1 119
1 120
1 122
1 123
1 124
1 127
1 129
1 130
1 131
1 132
1 133
1 134
1 136
1 137
1 138
1 141
1 143
1 145
1 146
1 150
1 151
1 154
1 157
1 163
1 165
1 166
1 167
1 170
1 172
1 173
1 175
1 176
1 179
1 180
1 185
1 186
1 188
1 192
1 193
1 195
1 196
1 197
1 199
200 152
3 112 109 56 
3 37 62 184 
3 47 42 111 
3 60 65 112 
3 69 78 72 
3 84 83 97 
3 169 25 103 
3 141 79 76 
3 18 48 40 
3 72 82 159 
3 76 99 152 
3 39 51 152 
3 70 111 87 
3 15 123 112 
3 18 26 120 
3 8 105 127 
3 11 112 80 
3 44 164 87 
3 119 92 26 
3 70 75 30 
3 190 6 75 
3 67 36 193 
3 181 59 48 
3 114 194 53 
3 139 135 7 
3 54 102 182 
3 165 12 126 
3 118 196 27 
3 145 15 36 
3 96 8 165 
3 148 52 109 
3 33 198 11 
3 135 136 138 
3 101 139 48 
3 43 37 21 
3 1 103 136 
3 128 96 2 
3 184 162 114 
3 109 106 139 
3 78 163 109 
1 3
1 4
1 5
1 9
1 10
1 13
1 14
1 16
1 17
1 19
1 20
1 22
1 23
1 24
1 28
1 29
1 31
1 32
1 34
1 35
1 38
1 41
1 45
1 46
1 49
1 50
1 55
1 57
1 58
1 61
1 63
1 64
1 66
1 68
1 71
1 73
1 74
1 77
1 81
1 85
1 86
1 88
1 89
1 90
1 91
1 93
1 94
1 95
1 98
1 100
1 104
1 107
1 108
1 110
1 113
1 115
1 116
1 117
1 121
1 122
1 124
1 125
1 129
1 130
1 131
1 132
1 133
1 134
1 137
1 140
1 142
1 143
1 144
1 146
1 147
1 149
1 150
1 151
1 153
1 154
1 155
1 156
1 157
1 158
1 160
1 161
1 166
1 167
1 168
1 170
1 171
1 172
1 173
1 174
1 175
1 176
1 177
1 178
1 179
1 180
1 183
1 185
1 186
1 187
1 188
1 189
1 191
1 192
1 195
1 197
1 199
1 200
200 149
3 8 59 5 
3 100 83 13 
3 30 22 141 
3 122 177 36 
3 87 106 138 
3 130 181 38 
3 58 25 92 
3 24 135 76 
3 14 76 19 
3 74 99 93 
3 52 196 154 
3 170 156 32 
3 73 163 50 
3 93 73 95 
3 177 39 53 
3 95 175 77 
3 148 57 152 
3 81 21 125 
3 68 72 83 
3 92 158 27 
3 129 163 7 
3 13 111 26 
3 147 39 94 
3 57 18 136 
3 17 13 121 
3 160 188 192 
3 130 142 25 
3 167 129 96 
3 121 192 49 
3 180 176 59 
3 23 197 156 
3 160 12 64 
3 119 161 89 
3 80 19 138 
3 174 14 101 
3 182 91 13 
3 133 92 27 
3 5 21 34 
3 198 134 96 
3 112 46 56 
1 1
1 2
1 3
1 4
1 6
1 9
1 10
1 11
1 15
1 16
1 20
1 28
1 29
1 31
1 33
1 35
1 37
1 40
1 41
1 42
1 43
1 44
1 45
1 47
1 48
1 51
1 54
1 55
1 60
1 61
1 62
1 63
1 65
1 66
1 67
1 69
1 70
1 71
1 75
1 78
1 79
1 82
1 84
1 85
1 86
1 88
1 90
1 97
1 98
1 102
1 103
1 104
1 105
1 107
1 108
1 109
1 110
1 113
1 114
1 115
1 116
1 117
1 118
1 120
1 123
1 124
1 126
1 127
1 128
1 131
1 132
1 137
1 139
1 140
1 143
1 144
1 145
1 146
1 149
1 150
1 151
1 153
1 155
1 157
1 159
1 162
1 164
1 165
1 166
1 168
1 169
1 171
1 172
1 173
1 178
1 179
1 183
1 184
1 185
1 186
1 187
1 189
1 190
1 191
1 193
1 194
1 195
1 199
1 200
200 152
3 14 152 44 
3 184 37 148 
3 131 109 193 
3 161 21 156 
3 111 35 110 
3 17 198 49 
3 166 119 88 
3 59 74 170 
3 88 161 165 
3 26 171 197 
3 75 11 116 
3 27 118 59 
3 115 184 181 
3 60 54 153 
3 153 35 59 
3 46 34 111 
3 116 175 122 
3 102 108 181 
3 96 92 17 
3 164 7 110 
3 98 23 168 
3 46 115 149 
3 38 199 159 
3 91 160 116 
3 29 178 92 
3 52 174 26 
3 66 25 142 
3 31 39 153 
3 41 43 195 
3 13 40 108 
3 197 192 148 
3 63 69 9 
3 83 29 98 
3 13 160 181 
3 14 94 55 
3 19 78 185 
3 193 127 46 
3 135 165 33 
3 93 2 24 
3 92 29 163 
1 1
1 3
1 4
1 5
1 6
1 8
1 10
1 12
1 15
1 16
1 18
1 20
1 22
1 28
1 30
1 32
1 36
1 42
1 45
1 47
1 48
1 50
1 51
1 53
1 56
1 57
1 58
1 61
1 62
1 64
1 65
1 67
1 68
1 70
1 71
1 72
1 73
1 76
1 77
1 79
1 80
1 81
1 82
1 84
1 85
1 86
1 87
1 89
1 90
1 95
1 97
1 99
1 100
1 101
1 103
1 104
1 105
1 106
1 107
1 112
1 113
1 114
1 117
1 120
1 121
1 123
1 124
1 125
1 126
1 128
1 129
1 130
1 132
1 133
1 134
1 136
1 137
1 138
1 139
1 140
1 141
1 143
1 144
1 145
1 146
1 147
1 150
1 151
1 154
1 155
1 157
1 158
1 162
1 167
1 169
1 172
1 173
1 176
1 177
1 179
1 180
1 182
1 183
1 186
1 187
1 188
1 189
1 190
1 191
1 194
1 196
1 200
